0
1
2
3
4
6
7
8
9
10
13
14
15
16
17
18
20
21
22
23
24
25
29
30
31
33
34
35
36
38
39
40
42
44
45
46
47
48
49
50
51
52
53
55
56
57
58
59
60
61
62
63
64
66
67
68
69
71
72
74
75
76
77
78
79
80
81
82
83
84
85
86
87
88
89
90
91
92
93
94
95
96
99
102
103
104
106
107
108
109
110
111
112
114
115
117
118
119
120
121
122
123
124
125
126
127
128
129
130
131
133
136
137
138
140
141
143
145
146
147
149
150
151
152
153
154
155
158
159
160
161
162
163
164
167
168
169
170
171
173
174
175
178
180
182
185
186
187
189
190
192
193
194
195
197
198
199
200
202
203
204
205
206
207
208
210
211
212
213
215
216
217
218
219
222
223
224
225
227
228
229
230
231
232
233
234
235
236
237
238
241
242
243
244
246
249
250
253
254
255
256
257
258
262
263
264
265
267
268
269
270
271
272
273
275
277
278
279
280
281
283
284
285
286
288
289
290
291
293
294
295
296
297
298
299
300
301
302
303
304
307
308
309
310
311
312
313
315
316
317
318
319
322
323
324
327
329
330
332
333
334
335
337
338
339
340
342
343
344
346
347
349
350
351
352
353
354
355
357
358
359
361
362
363
364
366
367
368
369
370
371
372
373
374
375
376
378
381
382
383
384
385
387
389
392
393
394
395
396
397
398
399
401
403
404
405
408
410
411
413
414
415
417
418
419
420
421
422
424
426
427
428
429
432
433
434
435
436
439
440
441
442
443
444
445
446
447
448
450
451
453
454
456
457
458
459
460
461
462
463
466
467
470
471
472
473
474
476
479
480
481
483
484
485
486
487
488
489
490
492
493
494
495
496
497
499
501
502
503
505
506
507
509
511
512
513
514
515
516
517
518
519
520
521
524
525
526
527
528
529
530
531
533
534
535
536
537
538
539
540
541
542
544
545
546
547
548
549
552
553
555
557
558
559
560
561
562
563
564
565
566
567
568
569
570
571
572
573
574
575
576
577
578
579
580
582
583
584
585
587
589
590
591
593
594
595
596
597
598
599
600
602
603
604
605
606
607
608
610
611
612
613
614
615
616
617
618
621
622
623
624
626
628
629
630
631
632
633
634
635
636
637
638
640
641
642
644
645
646
647
648
649
650
651
652
653
654
655
656
657
659
660
661
663
664
666
667
668
670
671
672
673
674
675
677
678
680
681
682
683
684
685
686
688
690
691
693
694
696
699
700
701
702
703
704
705
707
708
709
710
711
712
713
714
715
716
717
718
719
720
721
722
723
724
725
726
727
728
729
730
732
734
735
736
737
738
739
741
742
743
744
747
748
749
750
751
752
753
754
755
757
758
759
760
761
762
763
764
765
766
767
768
769
770
772
774
776
777
778
779
780
783
784
785
787
789
790
792
794
795
796
797
798
800
801
802
803
804
805
806
807
808
809
810
811
813
815
816
818
819
820
821
823
824
825
829
830
833
834
835
836
837
839
840
841
842
843
844
845
846
847
848
849
850
852
853
854
855
856
857
858
859
860
861
862
863
864
865
866
867
868
869
871
872
874
876
877
879
880
881
882
883
885
887
888
889
892
893
895
897
898
900
901
903
905
907
908
910
912
913
916
918
919
920
921
923
924
927
928
929
933
934
937
939
940
941
943
944
945
946
948
949
950
951
953
954
956
958
959
960
961
962
963
964
965
966
967
968
970
971
972
973
974
975
976
977
978
979
980
981
982
984
985
986
987
988
989
990
991
992
993
994
995
996
997
999
1000
1001
1002
1003
1004
1005
1006
1007
1010
1011
1012
1013
1014
1015
1016
1017
1018
1019
1020
1021
1022
1023
1024
1025
1028
1029
1030
1031
1032
1034
1035
1036
1037
1038
1039
1040
1041
1043
1045
1046
1047
1050
1051
1052
1053
1054
1055
1056
1059
1060
1061
1062
1063
1064
1068
1069
1070
1071
1072
1073
1074
1075
1076
1077
1078
1079
1080
1081
1082
1083
1085
1086
1087
1088
1089
1091
1092
1094
1095
1096
1098
1099
1100
1101
1102
1103
1104
1105
1106
1108
1109
1110
1112
1113
1114
1115
1116
1117
1118
1119
1120
1121
1122
1123
1124
1125
1126
1128
1130
1131
1132
1133
1134
1135
1136
1137
1138
1139
1140
1142
1143
1144
1145
1146
1147
1148
1150
1151
1152
1153
1154
1155
1156
1157
1158
1160
1161
1162
1163
1164
1165
1166
1168
1169
1170
1171
1172
1173
1174
1175
1176
1177
1178
1180
1181
1183
1185
1186
1188
1191
1193
1196
1197
1198
1199
1202
1203
1204
1205
1206
1207
1209
1210
1211
1212
1214
1215
1216
1221
1222
1225
1226
1227
1228
1229
1230
1231
1232
1233
1234
1235
1236
1237
1238
1239
1240
1241
1242
1244
1247
1248
1249
1250
1251
1253
1255
1256
1257
1259
1260
1262
1263
1264
1265
1266
1267
1268
1272
1273
1274
1277
1279
1280
1281
1282
1283
1284
1285
1287
1289
1290
1291
1292
1293
1294
1295
1296
1297
1298
1299
1300
1301
1302
1303
1305
1306
1307
1308
1309
1310
1311
1312
1313
1314
1315
1316
1317
1318
1319
1320
1321
1322
1324
1325
1326
1327
1328
1330
1331
1332
1333
1334
1336
1338
1339
1340
1341
1343
1344
1345
1346
1347
1348
1349
1350
1351
1352
1353
1354
1357
1358
1359
1362
1363
1364
1365
1367
1368
1370
1372
1373
1374
1375
1376
1377
1378
1380
1381
1382
1383
1385
1386
1387
1389
1390
1391
1392
1393
1394
1396
1397
1398
1401
1402
1403
1404
1406
1409
1410
1411
1412
1414
1415
1416
1417
1418
1419
1421
1422
1423
1424
1425
1428
1429
1431
1432
1433
1435
1437
1438
1439
1440
1442
1443
1444
1445
1446
1447
1448
1449
1450
1451
1453
1454
1455
1456
1457
1458
1459
1461
1462
1463
1464
1465
1467
1468
1470
1471
1472
1473
1474
1475
1476
1477
1478
1479
1480
1481
1482
1484
1485
1486
1488
1489
1490
1495
1496
1498
1501
1502
1503
1505
1506
1509
1510
1511
1512
1513
1514
1516
1517
1518
1520
1521
1522
1524
1525
1526
1527
1528
1529
1530
1531
1532
1533
1534
1535
1536
1537
1538
1539
1541
1542
1543
1544
1545
1547
1549
1550
1551
1552
1553
1555
1557
1558
1559
1560
1561
1562
1563
1564
1565
1566
1567
1568
1570
1571
1572
1575
1577
1578
1579
1580
1581
1582
1583
1584
1586
1587
1588
1590
1591
1593
1595
1597
1598
1599
1600
1601
1602
1603
1605
1606
1608
1609
1610
1611
1613
1614
1615
1616
1617
1618
1619
1621
1622
1623
1624
1625
1626
1627
1629
1630
1633
1634
1635
1637
1638
1640
1641
1642
1643
1644
1645
1646
1647
1648
1649
1650
1653
1655
1656
1657
1658
1659
1660
1661
1662
1664
1665
1666
1667
1668
1669
1671
1672
1673
1674
1677
1679
1680
1681
1683
1684
1685
1686
1688
1689
1690
1691
1692
1693
1694
1695
1696
1697
1698
1700
1701
1702
1704
1705
1706
1707
1708
1709
1710
1711
1712
1713
1715
1716
1717
1718
1720
1722
1723
1724
1725
1726
1727
1728
1729
1731
1732
1733
1734
1736
1737
1738
1739
1740
1741
1742
1744
1745
1746
1747
1748
1749
1751
1752
1753
1754
1755
1756
1757
1758
1759
1760
1761
1762
1763
1764
1765
1766
1767
1768
1769
1770
1771
1772
1773
1774
1775
1776
1778
1779
1780
1781
1782
1784
1785
1786
1787
1788
1789
1790
1791
1793
1794
1795
1796
1797
1798
1801
1802
1803
1804
1805
1806
1808
1809
1810
1811
1813
1814
1815
1816
1817
1818
1819
1820
1821
1822
1823
1826
1827
1828
1829
1830
1831
1833
1834
1837
1838
1839
1840
1841
1842
1843
1844
1845
1846
1847
1848
1849
1851
1852
1853
1854
1855
1856
1857
1858
1859
1861
1862
1863
1864
1866
1867
1868
1869
1870
1871
1872
1873
1874
1875
1876
1877
1878
1879
1881
1882
1884
1886
1888
1889
1890
1891
1894
1895
1896
1897
1898
1899
1900
1901
1902
1904
1905
1906
1907
1908
1910
1911
1912
1913
1914
1915
1917
1918
1919
1920
1921
1922
1923
1924
1925
1927
1929
1930
1931
1932
1933
1934
1935
1936
1937
1938
1939
1940
1942
1943
1945
1946
1948
1949
1950
1951
1952
1953
1954
1955
1956
1958
1959
1960
1961
1962
1963
1964
1965
1966
1968
1969
1970
1971
1973
1974
1975
1977
1978
1979
1980
1981
1982
1983
1984
1985
1986
1987
1988
1990
1991
1992
1994
1995
1996
1997
1998
1999
2000
2001
2002
2003
2004
2005
2006
2007
2008
2009
2011
2012
2013
2014
2016
2017
2018
2019
2020
2021
2023
2024
2025
2026
2028
2030
2033
2034
2035
2037
2039
2040
2041
2042
2043
2044
2045
2046
2047
2048
2049
2051
2052
2054
2055
2056
2057
2058
2059
2060
2061
2062
2063
2064
2065
2066
2068
2069
2070
2072
2073
2075
2076
2077
2078
2079
2080
2081
2083
2084
2085
2087
2088
2090
2091
2092
2095
2096
2097
2098
2099
2100
2101
2102
2104
2106
2107
2108
2109
2110
2111
2112
2113
2114
2116
2117
2119
2120
2121
2123
2127
2128
2129
2130
2131
2133
2135
2136
2137
2138
2139
2140
2142
2144
2145
2146
2147
2149
2151
2152
2154
2155
2156
2157
2158
2161
2162
2163
2164
2165
2166
2167
2168
2170
2171
2172
2173
2174
2175
2177
2178
2179
2180
2181
2182
2183
2184
2185
2186
2187
2188
2189
2190
2191
2192
2193
2194
2196
2197
2199
2200
2201
2202
2203
2204
2205
2207
2208
2209
2210
2212
2215
2216
2218
2219
2220
2221
2222
2223
2224
2226
2227
2228
2229
2231
2232
2234
2236
2237
2238
2239
2240
2241
2245
2246
2247
2248
2251
2252
2253
2254
2257
2258
2259
2264
2266
2267
2269
2270
2271
2273
2274
2275
2276
2277
2278
2279
2280
2281
2282
2283
2284
2285
2287
2288
2291
2292
2293
2295
2296
2297
2299
2300
2301
2302
2304
2305
2306
2310
2311
2312
2314
2315
2316
2317
2320
2321
2322
2323
2327
2330
2331
2332
2333
2334
2335
2336
2337
2338
2339
2340
2341
2342
2343
2344
2345
2346
2347
2349
2350
2351
2352
2353
2354
2355
2356
2357
2358
2359
2360
2361
2362
2365
2366
2367
2368
2370
2371
2372
2373
2374
2375
2376
2377
2378
2380
2381
2383
2385
2386
2387
2388
2389
2390
2391
2392
2393
2394
2395
2397
2400
2402
2403
2404
2405
2407
2409
2410
2411
2412
2413
2414
2415
2416
2417
2418
2420
2421
2422
2423
2424
2425
2426
2427
2428
2429
2430
2431
2433
2434
2435
2436
2437
2439
2440
2441
2442
2443
2444
2445
2446
2447
2449
2450
2452
2453
2454
2455
2457
2458
2460
2461
2462
2463
2464
2466
2467
2468
2471
2472
2473
2474
2475
2476
2477
2478
2479
2480
2481
2482
2484
2485
2486
2487
2488
2489
2491
2493
2494
2495
2496
2498
2499
2500
2501
2502
2503
2505
2506
2507
2508
2509
2510
2511
2512
2513
2514
2515
2516
2517
2518
2519
2521
2522
2523
2524
2527
2528
2529
2530
2531
2532
2533
2535
2536
2538
2539
2540
2541
2542
2544
2546
2548
2549
2550
2551
2552
2554
2555
2557
2558
2559
2561
2562
2564
2565
2567
2568
2569
2570
2574
2576
2577
2578
2579
2580
2581
2582
2583
2585
2587
2588
2589
2590
2592
2593
2594
2595
2596
2597
2598
2599
2600
2603
2604
2605
2606
2607
2608
2609
2611
2612
2616
2617
2618
2619
2622
2624
2626
2628
2630
2631
2632
2633
2634
2635
2636
2637
2641
2642
2643
2644
2645
2647
2649
2650
2651
2652
2653
2654
2656
2657
2658
2659
2660
2661
2662
2663
2664
2665
2666
2667
2668
2669
2670
2671
2672
2673
2674
2675
2677
2678
2679
2680
2681
2683
2685
2687
2688
2689
2691
2692
2693
2694
2695
2696
2697
2698
2700
2701
2702
2704
2705
2706
2707
2708
2709
2712
2713
2714
2719
2720
2721
2722
2723
2724
2726
2727
2729
2730
2731
2732
2734
2736
2737
2738
2739
2741
2742
2743
2744
2745
2747
2748
2749
2750
2751
2752
2753
2754
2755
2756
2757
2758
2759
2760
2761
2762
2763
2764
2765
2766
2767
2768
2769
2774
2775
2777
2778
2779
2780
2781
2782
2783
2785
2786
2787
2788
2789
2790
2792
2794
2796
2798
2800
2801
2802
2803
2804
2805
2807
2808
2809
2810
2811
2812
2813
2814
2815
2816
2817
2818
2819
2820
2821
2823
2825
2826
2828
2829
2830
2832
2833
2834
2835
2836
2837
2838
2839
2840
2841
2842
2843
2845
2846
2847
2848
2849
2850
2851
2852
2853
2854
2855
2856
2857
2859
2861
2862
2863
2864
2865
2868
2869
2871
2872
2873
2875
2876
2877
2879
2880
2881
2882
2883
2884
2885
2886
2887
2888
2889
2891
2892
2893
2894
2895
2897
2898
2899
2900
2901
2902
2903
2905
2906
2907
2908
2909
2910
2911
2915
2918
2919
2920
2922
2923
2924
2925
2926
2927
2928
2929
2930
2931
2932
2933
2934
2936
2937
2938
2940
2941
2942
2943
2945
2946
2948
2949
2950
2951
2952
2955
2956
2957
2959
2960
2961
2963
2964
2965
2966
2967
2969
2972
2973
2974
2975
2976
2977
2978
2980
2981
2984
2986
2987
2988
2990
2991
2992
2993
2994
2996
2997
2999
3000
3001
3002
3004
3007
3008
3009
3010
3011
3012
3013
3014
3015
3016
3017
3018
3019
3021
3023
3024
3025
3026
3027
3028
3029
3031
3032
3035
3036
3039
3040
3041
3042
3043
3044
3045
3046
3047
3049
3050
3051
3053
3054
3055
3056
3057
3059
3061
3062
3063
3064
3065
3066
3067
3070
3072
3073
3074
3076
3077
3078
3079
3081
3082
3083
3084
3085
3086
3087
3088
3089
3090
3091
3092
3093
3094
3095
3096
3097
3098
3099
3101
3102
3103
3104
3105
3106
3107
3108
3109
3112
3114
3115
3116
3117
3118
3119
3121
3122
3124
3125
3126
3127
3128
3129
3131
3132
3133
3135
3136
3138
3139
3140
3141
3143
3144
3145
3146
3147
3148
3149
3150
3151
3152
3153
3154
3155
3156
3157
3158
3159
3161
3162
3163
3164
3165
3166
3167
3168
3169
3172
3173
3175
3176
3178
3179
3180
3181
3182
3183
3184
3185
3188
3189
3190
3191
3192
3193
3194
3195
3198
3199
3200
3201
3202
3204
3205
3206
3207
3208
3209
3210
3211
3212
3213
3214
3216
3217
3218
3219
3220
3221
3222
3224
3225
3226
3229
3230
3231
3232
3234
3235
3236
3237
3238
3239
3240
3241
3242
3243
3244
3245
3246
3247
3248
3249
3250
3251
3252
3253
3254
3255
3256
3257
3258
3259
3260
3261
3262
3263
3265
3266
3267
3268
3270
3271
3273
3274
3275
3276
3277
3279
3281
3284
3285
3286
3287
3288
3289
3290
3291
3293
3294
3295
3296
3297
3298
3299
3300
3301
3302
3303
3304
3306
3307
3308
3309
3310
3311
3312
3313
3314
3315
3316
3317
3319
3320
3321
3322
3323
3324
3325
3327
3328
3331
3332
3333
3334
3335
3337
3339
3341
3342
3343
3344
3345
3346
3347
3348
3349
3351
3352
3353
3354
3355
3356
3357
3358
3360
3361
3362
3363
3364
3365
3366
3367
3369
3370
3371
3374
3375
3377
3378
3379
3380
3382
3383
3384
3385
3387
3388
3389
3391
3392
3394
3395
3397
3399
3400
3401
3402
3403
3404
3405
3406
3407
3408
3409
3410
3411
3413
3416
3417
3418
3419
3421
3422
3423
3424
3425
3426
3427
3429
3431
3432
3433
3434
3435
3436
3437
3438
3439
3440
3441
3442
3443
3444
3445
3446
3447
3448
3449
3450
3451
3452
3453
3454
3456
3457
3459
3460
3461
3462
3463
3464
3465
3466
3467
3469
3470
3471
3472
3473
3474
3475
3477
3478
3480
3481
3482
3483
3484
3485
3486
3487
3488
3489
3490
3491
3492
3493
3494
3496
3498
3501
3502
3503
3505
3506
3507
3508
3509
3510
3511
3512
3513
3514
3515
3516
3518
3519
3521
3522
3524
3526
3527
3529
3530
3531
3532
3533
3534
3535
3537
3538
3539
3540
3541
3542
3543
3544
3545
3547
3548
3549
3550
3551
3552
3553
3554
3555
3556
3557
3558
3559
3560
3561
3563
3564
3566
3567
3568
3569
3570
3571
3572
3573
3574
3575
3576
3577
3579
3581
3582
3583
3584
3585
3586
3587
3588
3590
3591
3592
3594
3595
3596
3598
3599
3600
3602
3603
3606
3608
3609
3610
3611
3612
3613
3614
3615
3616
3618
3619
3620
3621
3624
3625
3626
3627
3628
3629
3630
3632
3633
3634
3635
3637
3638
3639
3640
3641
3642
3643
3644
3645
3646
3650
3651
3652
3653
3654
3655
3658
3659
3660
3662
3663
3664
3665
3666
3668
3669
3670
3671
3672
3673
3674
3676
3677
3680
3681
3684
3685
3686
3688
3689
3691
3692
3694
3695
3696
3697
3698
3699
3700
3701
3703
3704
3705
3706
3707
3708
3709
3710
3711
3714
3716
3717
3718
3719
3721
3722
3724
3727
3728
3730
3731
3732
3733
3734
3735
3736
3737
3739
3740
3742
3743
3744
3745
3746
3747
3748
3749
3750
3751
3752
3753
3755
3756
3757
3758
3760
3761
3763
3764
3765
3766
3767
3768
3769
3770
3771
3772
3773
3774
3775
3776
3777
3778
3779
3781
3782
3786
3787
3788
3789
3790
3791
3792
3793
3794
3795
3796
3797
3798
3799
3800
3801
3802
3803
3804
3805
3806
3807
3808
3809
3810
3812
3814
3815
3816
3817
3820
3821
3822
3823
3824
3825
3827
3828
3830
3831
3832
3833
3834
3835
3837
3838
3839
3840
3841
3844
3845
3847
3849
3850
3851
3852
3853
3854
3855
3857
3858
3859
3860
3861
3862
3863
3864
3866
3867
3869
3871
3873
3875
3876
3878
3879
3880
3881
3882
3883
3885
3886
3888
3889
3890
3891
3892
3893
3894
3895
3896
3897
3898
3900
3902
3903
3904
3905
3907
3908
3910
3911
3912
3913
3914
3915
3919
3920
3921
3922
3923
3924
3926
3927
3928
3929
3930
3931
3932
3933
3935
3936
3937
3939
3940
3942
3943
3945
3946
3947
3949
3950
3953
3954
3956
3957
3958
3959
3960
3961
3965
3966
3969
3970
3971
3972
3974
3975
3976
3977
3978
3979
3980
3981
3982
3983
3985
3986
3989
3990
3991
3993
3994
3996
3997
3999
4000
4001
4002
4003
4004
4005
4006
4007
4008
4009
4010
4011
4012
4013
4014
4015
4016
4017
4018
4020
4021
4022
4023
4024
4025
4027
4028
4031
4032
4033
4034
4035
4036
4037
4038
4039
4040
4041
4042
4043
4045
4046
4047
4048
4049
4050
4051
4054
4055
4056
4057
4058
4059
4061
4062
4063
4064
4065
4066
4067
4068
4071
4072
4073
4074
4075
4076
4077
4078
4079
4080
4081
4082
4083
4084
4085
4086
4089
4091
4092
4093
4094
4095
4096
4098
4099
4100
4101
4102
4103
4104
4105
4106
4107
4108
4109
4110
4111
4113
4114
4116
4117
4118
4119
4122
4125
4127
4128
4129
4131
4132
4133
4134
4135
4136
4137
4138
4139
4140
4142
4144
4146
4149
4151
4153
4154
4155
4156
4158
4160
4161
4162
4163
4164
4166
4167
4169
4170
4171
4172
4173
4174
4176
4177
4178
4181
4182
4184
4186
4187
4189
4190
4191
4192
4193
4195
4196
4197
4198
4199
4201
4202
4203
4204
4205
4206
4207
4208
4209
4210
4211
4212
4213
4214
4215
4216
4218
4219
4221
4222
4223
4225
4226
4227
4228
4229
4230
4231
4232
4233
4234
4236
4238
4239
4240
4241
4242
4243
4244
4245
4246
4247
4248
4249
4250
4251
4253
4254
4255
4256
4257
4258
4260
4261
4262
4263
4264
4265
4266
4267
4269
4272
4273
4274
4275
4276
4277
4278
4279
4280
4282
4283
4284
4285
4286
4287
4289
4290
4291
4292
4293
4294
4295
4296
4298
4299
4300
4301
4302
4303
4306
4308
4310
4311
4313
4314
4315
4316
4317
4318
4319
4320
4321
4322
4323
4324
4325
4327
4328
4329
4330
4331
4332
4333
4334
4335
4336
4337
4338
4340
4341
4343
4344
4345
4346
4347
4348
4349
4350
4351
4352
4353
4354
4355
4356
4357
4359
4360
4361
4362
4363
4364
4365
4366
4368
4369
4370
4371
4372
4373
4375
4376
4377
4380
4382
4383
4384
4385
4387
4388
4389
4390
4391
4392
4393
4394
4395
4396
4397
4398
4399
4400
4401
4403
4404
4405
4406
4407
4410
4412
4413
4414
4415
4416
4417
4418
4419
4420
4421
4422
4423
4424
4426
4427
4428
4429
4430
4431
4432
4433
4436
4438
4439
4441
4442
4444
4446
4447
4448
4449
4450
4451
4452
4453
4454
4455
4457
4458
4460
4461
4462
4463
4464
4468
4470
4471
4473
4474
4475
4476
4477
4478
4480
4481
4482
4483
4484
4486
4488
